[loginimage.jpg]
moddate=7c0d54343ac2d201
width=900
height=600
text=2;132;7;DRIP AI;Bauhaus 93;0.128370,0.594877,0.068112,6.283185;v1,4287880681,4278190080,128.000000,1.000000,0.093458,1.000000,400,2,49152;;190;63;Автоматик Томчилаб сугориш тизими;Arial Black;0.022727,0.739197,0.027639,6.283185;v1,4278669694,4278190080,128.000000,1.000000,0.093458,1.000000,400,2,49152;;
textactive=1
